fc1.weight:
{{0.5468457937240601, 0.046749819070100784, -0.08740366250276566, 0.06717026978731155, -0.30816686153411865, -0.016960998997092247, 0.1805678755044937, -0.13608035445213318, -0.037294305860996246, -0.4098355174064636, -0.04281850531697273, -0.00022077075846027583, -0.0254671573638916, -0.35837244987487793, 0.13371147215366364, -0.12165886163711548, -0.12228092551231384, -0.40161168575286865, -0.007686688099056482, -0.21143312752246857, 0.3790723979473114, -0.30048030614852905, 0.30731508135795593, 0.032425347715616226, 0.24517057836055756, 0.11039789021015167, 0.15849179029464722, 0.27469000220298767, 0.1544816792011261, -0.015102882869541645, 0.05937710776925087, 0.008381253108382225, 0.4300692081451416, -0.40096932649612427, -0.3986387848854065, -0.30816835165023804, -0.025758584961295128, -0.12497591227293015, 0.20295940339565277, -0.40486058592796326, 0.38360095024108887, 0.2933734655380249, 0.2248544842004776, 0.07635310292243958, -0.2614525556564331, 0.1045646071434021, 0.1839316189289093, 0.12266702204942703}, {-0.014464959502220154, -0.11437374353408813, -0.03572278469800949, 0.12625372409820557, 0.10669746994972229, -0.12021976709365845, 0.013670846819877625, 0.050036609172821045, -0.11115816235542297, -0.045963503420352936, -0.12362297624349594, 0.08876222372055054, -0.07706011086702347, 0.017894133925437927, 0.07728642225265503, 0.0010395050048828125, 0.00474056601524353, -0.08550278097391129, -0.10307556390762329, 0.001293286681175232, -0.11935600638389587, 0.06071127951145172, -0.10393893718719482, 0.12425628304481506, -0.10242174565792084, 0.013340294361114502, 0.040967702865600586, -0.08253829181194305, -0.02644474059343338, -0.045083723962306976, 0.0034999102354049683, 0.004457756876945496, -0.030074134469032288, 0.08258070051670074, -0.10080038011074066, 0.04858982563018799, -0.04612116515636444, 0.11229294538497925, -0.12570326030254364, -0.05963952839374542, 0.041199952363967896, 0.14022493362426758, -0.009559109807014465, 0.09758107364177704, 0.024602770805358887, -0.11128836125135422, 0.12601488828659058, 0.06179407238960266}, {0.017490915954113007, 0.3638611137866974, 0.0697140172123909, 0.10401184111833572, -0.0782974436879158, 0.09825967252254486, 0.06915155798196793, 0.005668060388416052, -0.0594986267387867, 0.23884233832359314, 0.15271857380867004, 0.1588471382856369, 0.30771946907043457, 0.1886957436800003, -0.16064268350601196, -0.12253671139478683, -0.04152125492691994, 0.31608814001083374, 0.2596447169780731, 0.24999816715717316, -0.11636343598365784, 0.14288650453090668, -0.1844746470451355, 0.051944199949502945, -0.12503989040851593, 0.0943283811211586, 0.013080025091767311, -0.07956834137439728, 0.058843813836574554, 0.01455515343695879, -0.1480734944343567, 0.07634448260068893, -0.26572951674461365, 0.3882702589035034, 0.4204005300998688, 0.053648050874471664, 0.05357526242733002, 0.09668603539466858, -0.05234239622950554, 0.3532772362232208, -0.02505948580801487, 0.36428001523017883, 0.22318951785564423, -0.13858157396316528, 0.32861801981925964, 0.08042382448911667, -0.015364785678684711, 0.07864338904619217}, {0.0416380912065506, -0.004453316330909729, 0.0969390869140625, 0.0233384370803833, -0.1309645026922226, 0.10992205142974854, -0.11991192400455475, 0.027038991451263428, 0.010440468788146973, 0.01480361819267273, -0.09615355730056763, 0.035849422216415405, 0.11435845494270325, 0.10314008593559265, 0.00784716010093689, 0.08866959810256958, -0.09910804033279419, 0.04459051787853241, 0.05589616298675537, 0.10288481414318085, 0.056473806500434875, 0.001207113265991211, 0.09410969913005829, -0.09939854592084885, -0.1443050503730774, -0.05636799335479736, -0.10707202553749084, -0.13090048730373383, 0.03798717260360718, -0.12813737988471985, 0.07966221868991852, 0.11921769380569458, -0.04751550406217575, -0.031614020466804504, 0.06301766633987427, -0.1366564780473709, 0.07842570543289185, 0.03644947707653046, -0.014706537127494812, 0.05408124625682831, -0.134697824716568, -0.10472218692302704, 0.039895787835121155, 0.14236396551132202, -0.05978185683488846, -0.04781772941350937, -0.023980960249900818, -0.037390388548374176}, {-0.0667227953672409, 0.19493164122104645, -0.08812423795461655, -0.08526533842086792, -0.23585481941699982, 0.030720513314008713, -0.22358623147010803, -0.06584296375513077, 0.1124320849776268, 0.25962111353874207, 0.014841683208942413, 0.07049847394227982, 0.05526378005743027, 0.14700476825237274, -0.08238351345062256, 0.09469655156135559, 0.07152578979730606, 7.18164665158838e-05, -0.05964278057217598, -0.08122146129608154, 0.124627023935318, -0.13176724314689636, -0.05914711952209473, -0.0004447246319614351, -0.057477518916130066, 0.007917038165032864, -0.055823538452386856, -0.2253173291683197, 0.18910261988639832, 0.1365206092596054, -0.24676108360290527, -0.028418948873877525, 0.01644941046833992, -0.34370002150535583, -0.2827773988246918, -0.22418610751628876, 0.2036791741847992, 0.09083731472492218, -0.22807899117469788, -0.4106504023075104, -0.2023780643939972, 0.3621428310871124, 0.3436448276042938, 0.36647287011146545, 0.08192741125822067, -0.07431454211473465, -0.20341278612613678, 0.44147059321403503}, {0.005837273318320513, -0.07398784905672073, -0.053964149206876755, 0.08509162068367004, 0.06404655426740646, -0.09877138584852219, -0.049205582588911057, 0.13041824102401733, -0.14260700345039368, -0.06114368885755539, 0.07384011149406433, -0.06556445360183716, -0.08504506945610046, 0.1063934788107872, 0.10026422888040543, 0.12835606932640076, -0.0660260021686554, -0.06918194144964218, -0.12685838341712952, 0.060341719537973404, -0.05573291704058647, 0.04658476635813713, -0.0009244782268069685, 0.12123798578977585, 0.12215511500835419, -0.04992339015007019, -0.018428722396492958, -0.12012436240911484, -0.09437079727649689, -0.034581996500492096, 0.07945363223552704, 0.061351824551820755, 0.09672936797142029, 0.08445999771356583, 0.12629224359989166, -0.011680467054247856, -0.11445437371730804, -0.05090019479393959, 0.05329044535756111, -0.025284573435783386, -0.11270733922719955, -0.08902394026517868, -0.044968921691179276, 0.05966309458017349, 0.1018761545419693, -0.1372881680727005, 0.07676362991333008, -0.03262288123369217}, {0.18641071021556854, -0.22149862349033356, 0.1787034571170807, -0.16900762915611267, 0.22308118641376495, 0.0046033700928092, 0.11988843232393265, 0.14685098826885223, 0.16405166685581207, -0.10566999763250351, -0.07455222308635712, 0.13810445368289948, -0.07182825356721878, -0.1001690924167633, 0.25474610924720764, 0.14868925511837006, 0.1774057000875473, -0.21493887901306152, 0.12712083756923676, 0.15863199532032013, -0.08127979934215546, 0.061615586280822754, 0.2558302581310272, 0.06920620799064636, 0.10200992971658707, 0.00566997192800045, -0.08177664130926132, 0.1790003776550293, -0.072349913418293, -0.06673325598239899, 0.19475921988487244, -0.13744167983531952, 0.22700253129005432, 0.08387448638677597, -0.043194860219955444, -0.06739848852157593, -0.0943521186709404, 0.1251443326473236, 0.1356988400220871, -0.09712431579828262, 0.09729979932308197, -0.2761671841144562, -0.2594139873981476, -0.20407728850841522, -0.27454978227615356, -0.10022171586751938, 0.1662910133600235, -0.2867089807987213}, {-0.041463397443294525, -0.11010810732841492, -0.0941634327173233, 0.09646441042423248, -0.0745420753955841, -0.12015275657176971, 0.09100352227687836, -0.06861146539449692, -0.10989309847354889, -0.08247789740562439, -0.13840734958648682, -0.008127138018608093, 0.012609302997589111, -0.07050776481628418, 0.08585385978221893, 0.12836921215057373, 0.10347193479537964, -0.0063254982233047485, -0.12032058835029602, -0.1169041097164154, -0.1083516925573349, -0.09420938044786453, 0.062186792492866516, 0.03567244112491608, -0.11801271885633469, -0.08143927156925201, 0.024224907159805298, -0.006040751934051514, -0.055819071829319, 0.032292380928993225, 0.016070440411567688, -0.03438371419906616, 0.07479612529277802, 0.02976122498512268, 0.11550259590148926, -0.08667600154876709, 0.14145901799201965, -0.04014746844768524, -0.0025703459978103638, -0.130341038107872, -0.05780082195997238, -0.11262629926204681, -0.0915118157863617, 0.0007504373788833618, -0.10301720350980759, -0.031895995140075684, 0.13053518533706665, 0.08579032123088837}, {0.08414892852306366, 0.11659674346446991, 0.004235036205500364, -0.12090231478214264, -0.10402699559926987, -0.13465580344200134, -0.04397212341427803, 0.10730934143066406, -0.10558062791824341, -0.12805943191051483, -0.11480927467346191, -0.14433032274246216, 0.12298949062824249, -0.1255960464477539, -0.05728846415877342, -0.10903536528348923, 0.1393798440694809, 0.06985203921794891, 0.1306428462266922, 0.1339859813451767, -0.08214041590690613, -0.09465951472520828, 0.1261090636253357, -0.07763495296239853, -0.04741312935948372, -0.05970904231071472, -0.07162895798683167, 0.039962660521268845, 0.09152525663375854, 0.030311714857816696, -0.03478538990020752, 0.07725704461336136, 0.04017368704080582, -0.022195834666490555, 0.0032968902960419655, 0.08718018233776093, -0.1018359363079071, 0.06963056325912476, -0.06473838537931442, 0.10568521916866302, -0.008056441321969032, 0.12867705523967743, -0.03923187404870987, -0.0815630704164505, -0.14041627943515778, 0.13834248483181, -0.13757775723934174, -0.11274554580450058}, {0.25171899795532227, 0.2645687758922577, 0.05827883258461952, 0.28602150082588196, -0.09906584769487381, 0.20806382596492767, -0.07967035472393036, -0.3229362368583679, -0.1208399310708046, -0.019559510052204132, 0.009036712348461151, -0.1499239057302475, -0.01661711186170578, -0.25259554386138916, 0.05396951735019684, -0.008476519025862217, -0.31433984637260437, 0.17616024613380432, 0.03848348930478096, -0.29078367352485657, 0.16294656693935394, -0.01091512106359005, -0.11367308348417282, 0.09753386676311493, 0.12540116906166077, 0.2040565013885498, 0.17143569886684418, -0.18824374675750732, 0.2860749363899231, 0.15026509761810303, 0.08194414526224136, 0.09568408131599426, 0.17713823914527893, -0.022738821804523468, -0.034523941576480865, -0.03245580568909645, -0.05553997680544853, 0.06166258826851845, -0.0713922530412674, -0.030619528144598007, 0.11036818474531174, 0.4725043773651123, 0.5561586618423462, 0.044865451753139496, 0.16487081348896027, 0.08150145411491394, -0.01855482906103134, 0.3769599199295044}, {0.07354867458343506, -0.028853295370936394, 0.09884626418352127, -0.03666670620441437, -0.09266139566898346, -0.09768112003803253, -0.14558207988739014, -0.1383965015411377, 0.023776499554514885, 0.0180180836468935, -0.0877838283777237, 0.12866072356700897, 0.02842528186738491, -0.07889559864997864, -0.005808871705085039, 0.0696643739938736, -0.10234271734952927, -0.0018329448066651821, -0.0397321991622448, 0.11343945562839508, 0.04918714985251427, 0.13231703639030457, -0.069271519780159, -0.10478231310844421, 0.12939238548278809, -0.0693930834531784, -0.061551548540592194, -0.005602256394922733, 0.13619808852672577, 0.005085955839604139, 0.013643937185406685, -0.038395773619413376, -0.013254455290734768, -0.07832459360361099, -0.04042545333504677, 0.11736273020505905, 0.07140207290649414, -0.11284065991640091, 0.084876649081707, -0.059939686208963394, -0.03573710098862648, -0.112018883228302, 0.02477048709988594, 0.02793283388018608, -0.08772016316652298, -0.08097308874130249, 0.0023740099277347326, 0.12866908311843872}, {-0.12351514399051666, -0.05628111958503723, -0.04817921668291092, 0.003004014492034912, -0.04668714851140976, -0.017925485968589783, -0.020081356167793274, -0.027060508728027344, -0.03509858250617981, -0.003713086247444153, 0.14379310607910156, -0.023523978888988495, -0.07806257158517838, -0.03794097900390625, 0.05426830053329468, 0.05735276639461517, 0.0031534284353256226, 0.04568791389465332, 0.017722398042678833, 0.0009627491235733032, -0.10553370416164398, -0.03204042464494705, 0.000620618462562561, 0.14208072423934937, -0.015049487352371216, -0.05053508281707764, -0.00638231635093689, -0.13945209980010986, -0.031991444528102875, -0.06488396227359772, -0.06590647250413895, -0.016581803560256958, 0.01570005714893341, -0.021539531648159027, 0.011946916580200195, -0.04167483001947403, 0.0719681978225708, -0.07815271615982056, -0.05671671777963638, -0.09909693896770477, 0.09804192185401917, -0.0022594034671783447, -0.015090405941009521, 0.12350854277610779, 0.03865803778171539, -0.12251603603363037, -0.07060818374156952, -0.061378441751003265}, {-0.03966815397143364, 0.040313757956027985, -0.0516880601644516, 0.03811418265104294, 0.08466935157775879, -0.129829540848732, -0.052259285002946854, 0.14111821353435516, 0.1044905036687851, -0.11329736560583115, 0.012019358575344086, 0.05763653293251991, 0.10849298536777496, -0.03378722444176674, 0.08155132085084915, 0.11823995411396027, -0.01826385036110878, -0.14873430132865906, -0.11400739848613739, 0.09718086570501328, 0.052736394107341766, -0.08844034373760223, -0.1304158717393875, -0.03806307539343834, 0.03050689958035946, -0.012059911154210567, -0.12882350385189056, 0.1666722297668457, 0.05617767572402954, 0.08539574593305588, -0.021572396159172058, 0.03564478084445, 0.09810398519039154, -0.05551430210471153, -0.03438573703169823, -0.07809165865182877, 0.06290283799171448, -0.09581337124109268, -0.06848404556512833, 0.04785139858722687, 0.11075997352600098, -0.08537036925554276, -0.10708789527416229, 0.010542255826294422, -0.017544200643897057, -0.08499743044376373, -0.03346618264913559, 0.09951365739107132}, {0.3239452540874481, -0.21208490431308746, 0.07302491366863251, 0.07376766204833984, 0.0841972753405571, -0.02649867907166481, 0.1440444439649582, -0.02359185926616192, 0.14670707285404205, -0.3235575556755066, -0.15643009543418884, 0.033357150852680206, 0.030128348618745804, -0.21408125758171082, 0.1738382875919342, -0.1312403380870819, -0.17231619358062744, -0.24301551282405853, -0.043426141142845154, -0.15101630985736847, 0.05349051207304001, -0.010335590690374374, 0.22227516770362854, 0.000701109238434583, 0.025473669171333313, 0.2246282547712326, 0.14067798852920532, 0.05024481192231178, -0.09702478349208832, -0.09470264613628387, 0.02324577048420906, 0.14698587357997894, 0.18193155527114868, 0.156279519200325, 0.027053598314523697, -0.035186879336833954, -0.02702222391963005, 0.09075726568698883, 0.4463095963001251, -0.07146644592285156, 0.3055275082588196, -0.05480234697461128, -0.11624249070882797, -0.23681575059890747, 0.03609547019004822, 0.15080022811889648, 0.21517367660999298, -0.12196924537420273}, {0.019621552899479866, 0.08787975460290909, 0.32923901081085205, -0.14872221648693085, 0.20009005069732666, 0.1045696809887886, 0.09259980171918869, 0.20323652029037476, 0.28335535526275635, 0.5878967046737671, 0.45752808451652527, 0.28981390595436096, 0.27911433577537537, 0.2850114703178406, 0.21033325791358948, 0.25617802143096924, 0.4994664192199707, 0.2766987085342407, -0.0172243844717741, 0.2033250629901886, 0.04969903081655502, 0.24789053201675415, -0.11182331293821335, -0.093814916908741, 0.10075335949659348, -0.23866631090641022, -0.24593552947044373, -0.175735741853714, 0.034095387905836105, 0.08414433151483536, -0.13217955827713013, 0.009022008627653122, 0.08976063877344131, 0.045879799872636795, 0.1244933158159256, 0.21512991189956665, 0.22776325047016144, 0.23464219272136688, -0.25312474370002747, -0.12285038828849792, 0.031100723892450333, -0.0517573244869709, 0.10137595981359482, 0.11085829138755798, 0.1787150353193283, 0.12311112880706787, 0.013856337405741215, -0.017739616334438324}, {-0.14211565256118774, 0.07662305980920792, 0.0370597280561924, -0.0011087157763540745, 0.053530771285295486, 0.0003878881980199367, 0.004059177357703447, -0.015159874223172665, -0.057391855865716934, 0.4270051419734955, 0.22261489927768707, 0.03357952460646629, -0.003038102062419057, 0.023592771962285042, 0.11128991097211838, -0.05702915042638779, 0.16474908590316772, 0.1050611063838005, 0.01750788651406765, 0.13056759536266327, 0.16057951748371124, 0.09408717602491379, -0.14974941313266754, 0.07670806348323822, 0.025043953210115433, -0.07308173924684525, 0.08321218192577362, 0.06113479286432266, 0.09701637923717499, 0.010786835104227066, -0.08424550294876099, -0.03234541788697243, 0.13851769268512726, -0.0580865740776062, -0.1554621011018753, 0.0013463918585330248, -0.02200557291507721, 0.0076264855451881886, -0.1502118557691574, -0.010826253332197666, -0.02060329169034958, 0.1886850744485855, 0.20317675173282623, 0.21870015561580658, 0.060242265462875366, 0.04922968149185181, -0.08187908679246902, 0.20193028450012207}, {0.3533516526222229, 0.03780004382133484, 0.024765178561210632, -0.2085065096616745, -0.10710069537162781, 0.14208264648914337, -0.16109079122543335, 0.18908342719078064, 0.23679465055465698, 0.20411460101604462, 0.2541479170322418, 0.1690353900194168, -0.019138401374220848, -0.022564128041267395, 0.1308641880750656, 0.1645948588848114, 0.1738664209842682, -0.145230233669281, -0.04321866109967232, -0.18465852737426758, 0.35149890184402466, -0.17315027117729187, -0.043460071086883545, 0.1344025880098343, 0.14043761789798737, -0.3085840046405792, -0.18410393595695496, 0.16178570687770844, 0.15112337470054626, 0.16476015746593475, -0.06130968779325485, -0.16556310653686523, 0.41263970732688904, -0.49151772260665894, -0.5605556964874268, -0.06787025928497314, 0.16305486857891083, 0.039020925760269165, -0.40350010991096497, -0.5574299097061157, 0.23774315416812897, 0.44167739152908325, 0.23555916547775269, 0.48713788390159607, -0.22230596840381622, 0.030642427504062653, 0.10760671645402908, 0.3584212064743042}, {0.40799131989479065, 0.047133974730968475, -0.14982569217681885, 0.12527817487716675, -0.08843891322612762, 0.15612180531024933, 0.24505004286766052, -0.30781883001327515, -0.0838155448436737, -0.49751049280166626, -0.22375884652137756, -0.08996392786502838, -0.29378658533096313, -0.29911771416664124, -0.05507101118564606, -0.13997061550617218, -0.5090641975402832, -0.01044662855565548, 0.006298185791820288, -0.2225397527217865, 0.12067410349845886, -0.355455607175827, 0.11473138630390167, 0.25764763355255127, 0.06408244371414185, 0.5160465836524963, 0.4180375337600708, 0.22967387735843658, 0.12776495516300201, -0.10044943541288376, -0.017518416047096252, 0.25958067178726196, 0.26567432284355164, 0.03887372091412544, 0.23078303039073944, -0.21294723451137543, 0.009643387980759144, -0.09774743765592575, 0.3380669057369232, 0.020377526059746742, 0.42099010944366455, 0.2873184382915497, 0.2666604816913605, -0.18576312065124512, 0.24642182886600494, 0.0911717489361763, -0.12002015858888626, 0.12671923637390137}, {0.020770415663719177, -0.15786506235599518, 0.09265021234750748, -0.05196844041347504, 0.16688260436058044, -0.04672819375991821, 0.2006710171699524, 0.23888751864433289, 0.17498481273651123, -0.08205438405275345, 0.015104910358786583, 0.018670836463570595, 0.07882548868656158, 0.030755845829844475, 0.15193966031074524, 0.098673515021801, 0.08383236825466156, -0.0709877535700798, 0.1285126954317093, 0.0634443387389183, -0.17850668728351593, -0.046695876866579056, 0.24296168982982635, -0.1342235952615738, -0.07036931067705154, 0.047943368554115295, 0.07539859414100647, -0.025791462510824203, -0.16722680628299713, -0.10960260033607483, 0.2045794278383255, -0.00319399475120008, 0.0764346495270729, 0.21455366909503937, 0.11796993017196655, 0.09361425787210464, 0.0663597509264946, -0.07440667599439621, 0.04843400791287422, 0.28771910071372986, 0.08615574985742569, -0.1840173602104187, -0.23558823764324188, -0.10497501492500305, -0.010239316150546074, 0.1343417912721634, 0.08120705187320709, -0.2723546028137207}, {0.012746061198413372, -0.022306619212031364, -0.08436230570077896, 0.07530874758958817, 0.03181164339184761, 0.048985522240400314, -0.06224799156188965, -0.0548119843006134, 0.015700211748480797, -0.07593338936567307, -0.12399156391620636, 0.07344144582748413, 0.090482696890831, 0.09017368406057358, -0.08732029795646667, 0.09376926720142365, -0.07361745834350586, 0.1217847615480423, 0.0515279546380043, 0.032250143587589264, -0.029016993939876556, 0.10244119167327881, 0.11359939724206924, -0.016282547265291214, 0.005135686602443457, 0.027651377022266388, -0.02717801183462143, 0.04097440093755722, -0.13550187647342682, 0.0737081989645958, 0.019197987392544746, 0.07690723985433578, -0.07167692482471466, -0.07273545116186142, -0.0677298977971077, -0.10389870405197144, -0.06096816435456276, 0.09549126774072647, 0.010495983064174652, 0.00277100526727736, 0.10469046235084534, -0.0413140170276165, -0.03804410248994827, -0.07434927672147751, 0.0662006139755249, -0.047748930752277374, -0.05388160049915314, -0.12002535164356232}, {-0.03471072018146515, -0.12881629168987274, -0.0512692891061306, 0.22064954042434692, 0.03933669254183769, 0.0077138496562838554, 0.03546540439128876, 0.019731279462575912, -0.036791760474443436, -0.08884207904338837, -0.023743927478790283, 0.15850460529327393, -0.09297783672809601, -0.06605132669210434, -0.14526976644992828, 0.0026865939144045115, 0.052829332649707794, 0.24476520717144012, 0.2388058453798294, 0.15144114196300507, -0.19192570447921753, 0.15460801124572754, -0.05522269755601883, -0.013398577459156513, -0.11729343980550766, 0.3034812808036804, 0.16001586616039276, -0.03787664696574211, -0.043134793639183044, 0.10668370872735977, 0.18645453453063965, 0.24189959466457367, -0.04577728360891342, 0.6193312406539917, 0.44430869817733765, 0.11564760655164719, 0.129648357629776, -0.007869084365665913, 0.27685558795928955, 0.5842509269714355, -0.04248363897204399, -0.19926203787326813, 0.008691789582371712, -0.4032588303089142, 0.2845160663127899, -0.04935755953192711, -0.041667986661195755, -0.22138258814811707}, {-0.004635747987776995, 0.09078677743673325, -0.19681480526924133, 0.2183612883090973, 0.021954359486699104, 0.11876599490642548, 0.09317304193973541, -0.2252994030714035, -0.2554909586906433, -0.24316714704036713, -0.015447092242538929, -0.050686076283454895, 0.019228052347898483, -0.2925499677658081, -0.11551353335380554, -0.16854041814804077, -0.24698719382286072, -0.014754449017345905, 0.08348463475704193, -0.03442839905619621, -0.046846602112054825, -0.05575863644480705, 0.06677722185850143, 0.2625207006931305, -0.0077598863281309605, 0.38058727979660034, 0.3655995726585388, -0.04936220496892929, 0.01792214624583721, 0.12187650054693222, 0.11436145752668381, 0.3453770577907562, -0.026713453233242035, 0.40581607818603516, 0.39325428009033203, -0.023514902219176292, -0.11860477179288864, -0.10219773650169373, 0.34781593084335327, 0.319781094789505, 0.1789899319410324, 0.07972031831741333, 0.1815912425518036, -0.41235241293907166, 0.24992550909519196, 0.11573788523674011, -0.016348255798220634, -0.11993421614170074}, {0.013325045816600323, 0.04251401498913765, -0.06360819935798645, 0.09505528211593628, 0.3408561646938324, 0.03883850947022438, 0.2536984980106354, -0.09872134029865265, 0.044335220009088516, -0.031107911840081215, 0.14094501733779907, 0.13248179852962494, 0.21717773377895355, 0.19961629807949066, -0.00599947664886713, 0.1435827612876892, 0.09879837930202484, 0.0901094377040863, 0.0839117169380188, 0.14808709919452667, -0.16231726109981537, 0.1337493509054184, 0.16793616116046906, 0.1739501804113388, -0.03672589734196663, 0.15104340016841888, 0.06252942234277725, 0.12368455529212952, -0.07408494502305984, 0.12580889463424683, 0.038666706532239914, -0.003488321090117097, -0.10159225761890411, 0.5337367057800293, 0.3215249180793762, 0.1941596418619156, 0.07404433190822601, -0.01246734894812107, 0.2663932144641876, 0.48343151807785034, -0.08125875145196915, -0.2565203011035919, -0.09007016569375992, -0.2695913314819336, 0.14510120451450348, 0.1609465628862381, 0.08923322707414627, -0.12900054454803467}, {-0.00856598000973463, 0.3270738124847412, -0.22187913954257965, 0.10568974912166595, -0.025504013523459435, 0.06712458282709122, 0.038190219551324844, -0.0961456298828125, -0.07516554743051529, -0.006047117989510298, -0.11823780089616776, -0.059791043400764465, 0.04836633801460266, -0.10963010787963867, -0.012304035946726799, -0.06757401674985886, -0.3481605052947998, 0.09195926040410995, 0.09298454970121384, -0.0023079453967511654, -0.07538704574108124, 0.0006579188629984856, -0.006427473854273558, -0.02165277861058712, -0.007081290706992149, 0.3419097661972046, 0.26891058683395386, 0.04588867723941803, 0.11748015135526657, 0.005127414129674435, 0.03553266078233719, 0.3364180326461792, -0.22351662814617157, 0.4120440185070038, 0.4945510923862457, 0.1563626378774643, 0.18986763060092926, 0.15601682662963867, 0.2904704809188843, 0.35661622881889343, 0.07395089417695999, 0.2215636968612671, 0.1562059074640274, -0.25757503509521484, 0.2275240272283554, 0.14348846673965454, -0.15891709923744202, 0.021266113966703415}}

fc1.bias:
{0.4761284291744232, -0.10956323146820068, -0.07413564622402191, -0.12160177528858185, 0.010680596344172955, -0.06752631068229675, 0.23335988819599152, -0.0052537620067596436, -0.06246868520975113, -0.1936274766921997, -0.08065583556890488, -0.052555784583091736, 0.07735603302717209, 0.15946143865585327, 0.27426013350486755, -0.028560522943735123, 0.5596475601196289, 0.22843119502067566, 0.03384732827544212, -0.1339760571718216, -0.02096244879066944, -0.31455105543136597, 0.13213680684566498, -0.23082326352596283}

fc2.weight:
{{-0.16314028203487396, -0.049444228410720825, 0.019547034054994583, -0.11906649172306061, 0.06875664740800858, -0.08432936668395996, -0.049586836248636246, 0.018789231777191162, -0.05899670720100403, 0.03552435711026192, 0.04154350236058235, 0.18592441082000732, 0.005819228943437338, -0.06096767261624336, 0.03223063424229622, 0.05433179438114166, 0.1252831518650055, -0.005205398891121149, 0.19523145258426666, -0.15542614459991455, -0.1245480552315712, 0.02863771840929985, -0.19353748857975006, 0.07342927902936935}, {-0.08852715790271759, -0.11916511505842209, 0.7008902430534363, -0.04093463718891144, 0.8684624433517456, 0.13630907237529755, -0.7398075461387634, -0.05021275579929352, 0.15250059962272644, 0.8063408732414246, 0.06080978736281395, 0.13985833525657654, -0.27021393179893494, -0.611739993095398, 0.6476978659629822, 0.5880887508392334, 0.6384626626968384, -0.219849094748497, -0.47032174468040466, -0.07194861769676208, -0.3142736554145813, -0.3003591001033783, -0.32860955595970154, 0.14243184030056}, {-0.9407888054847717, -0.09165892004966736, 0.507908821105957, -0.011218622326850891, -0.3410032093524933, 0.2073138952255249, 0.2892291247844696, 0.11522012948989868, 0.0585901252925396, -0.6991791725158691, 0.07051082700490952, -0.1712617725133896, 0.027133796364068985, -0.19641266763210297, 1.1191030740737915, 0.21927814185619354, -0.26714080572128296, -0.9698638916015625, 0.44265347719192505, 0.05306724086403847, 0.48945432901382446, -0.294223427772522, 0.7869284152984619, -0.056503672152757645}, {0.2769317626953125, 0.02460061013698578, 0.11713073402643204, -0.10741963237524033, -0.3557855188846588, -0.05596122145652771, 0.28597795963287354, 0.07695707678794861, -0.01315073762089014, 0.1908794343471527, 0.1692778319120407, -0.19939398765563965, -0.08966290950775146, 0.48721060156822205, -0.19492195546627045, -0.1171213909983635, -0.5685949325561523, 0.5748565793037415, 0.41544824838638306, 0.035728905349969864, 0.5710552930831909, 0.6520118117332458, 0.2856796681880951, 0.35102367401123047}, {-0.20219160616397858, -0.16440093517303467, -0.1803499162197113, 0.020861446857452393, 0.06575125455856323, -1.1965632438659668e-05, 0.182623028755188, 0.10703679919242859, 0.15704026818275452, -0.15948189795017242, 0.017008095979690552, -0.023469775915145874, -0.05574518442153931, 0.006755530834197998, -0.17685307562351227, 0.08536317944526672, -0.19363942742347717, -0.0995803028345108, -0.011048227548599243, 0.04603630304336548, -0.1252928078174591, -0.14819802343845367, -0.02862498164176941, -0.10283264517784119}, {-0.07257886230945587, -0.14423516392707825, 0.10381051898002625, -0.04866063594818115, -0.10133691132068634, -0.06034448742866516, -0.18353945016860962, -0.003441333770751953, -0.04552669823169708, -0.19657829403877258, -0.12237166613340378, -0.14914044737815857, -0.04135309159755707, 0.12597233057022095, -0.20191581547260284, 0.031964629888534546, 0.03647756576538086, -0.06856253743171692, -0.11051669716835022, -0.03476020693778992, -0.025143533945083618, 0.08195611834526062, -0.015149131417274475, -0.07412992417812347}, {-0.13589517772197723, 0.15444901585578918, 0.05843857303261757, -0.1417502760887146, -0.08250215649604797, 0.03055652230978012, -0.16611427068710327, -0.15447309613227844, -0.1933039277791977, 0.17863310873508453, 0.0842779278755188, -0.005588620901107788, 0.1722337305545807, -0.07253821939229965, -0.11403463035821915, 0.18834702670574188, -0.06057378649711609, 0.100372314453125, 0.08057433366775513, 0.14902880787849426, -0.022290442138910294, 0.03947344422340393, 0.07466967403888702, -0.15627065300941467}, {1.156212568283081, 0.04787889122962952, -0.423220694065094, -0.16640852391719818, 0.43903622031211853, 0.17421786487102509, 0.4161550998687744, 0.18185225129127502, -0.14983677864074707, 0.18369188904762268, 0.022705156356096268, -0.17866958677768707, -0.0601094588637352, 0.4437060058116913, 0.4678371250629425, 0.17471438646316528, 1.1787083148956299, 0.2879777252674103, -0.04460098221898079, -0.19354867935180664, -0.4835352897644043, -0.4251686632633209, -0.19516290724277496, -0.6321837902069092}, {0.5939273834228516, -0.020002424716949463, -0.005614434368908405, -0.19115692377090454, -0.14995330572128296, 0.17892314493656158, -0.060771968215703964, 0.17272955179214478, -0.1826266646385193, 0.21921993792057037, -0.06319352984428406, -0.10820066183805466, 0.04415656626224518, 0.2538364827632904, -0.33258944749832153, -0.1596987545490265, 0.314159631729126, 0.7562885880470276, -0.09414756298065186, -0.02002023346722126, -0.07975399494171143, 0.38612863421440125, 0.13366810977458954, 0.2361437827348709}, {0.09977303445339203, 0.16371265053749084, 0.04660744592547417, 0.09092435240745544, 0.11518348753452301, 0.025682076811790466, -0.07068455964326859, 0.20075470209121704, -0.08278811722993851, -0.03731665760278702, 0.04544258862733841, 0.1983078420162201, -0.0481259785592556, -0.1254592388868332, 0.0057492852210998535, 0.05199724808335304, -0.014215650036931038, 0.00842352956533432, -0.11904102563858032, 0.16732633113861084, 0.15186230838298798, -0.044326141476631165, -0.21236304938793182, 0.1560138761997223}, {-0.1240045353770256, 0.13990873098373413, -0.14610540866851807, 0.05079421401023865, -0.2002972662448883, 0.19817477464675903, -0.003169998526573181, 0.15144866704940796, 0.04353503882884979, -0.0706806480884552, -0.03893105685710907, -0.05904008448123932, 0.04006950557231903, 0.06153020262718201, -0.07072776556015015, 0.07386478781700134, 0.13123741745948792, 0.16922807693481445, -0.16191139817237854, 0.11233881115913391, -0.16445143520832062, -0.19348376989364624, 0.15755301713943481, -0.15699470043182373}, {-0.187600776553154, -0.02927662432193756, 0.7261895537376404, -0.11840014159679413, -0.36261826753616333, 0.1229872778058052, -0.33741500973701477, 0.0372798889875412, -0.1810782253742218, 0.5700487494468689, 0.06038998067378998, 0.12244105339050293, -0.026939697563648224, 0.2926223576068878, -0.11638933420181274, 0.04043762385845184, -0.7511981725692749, 0.7609982490539551, -0.0842864066362381, -0.05003330484032631, 0.7914515733718872, 0.8665559887886047, 0.6572872996330261, 0.9081094264984131}}

fc2.bias:
{-0.19241170585155487, -0.24135538935661316, 0.4229198098182678, 0.14421239495277405, 0.09438231587409973, -0.09715084731578827, -0.09661135822534561, 0.8257992267608643, 0.24987375736236572, -0.24086734652519226, -0.15011917054653168, -0.3882078230381012}

fc3.weight:
{{0.08357405662536621, 0.27920424938201904, 1.4922585487365723, -0.31468111276626587, -0.08160881698131561, -0.061511605978012085, -0.05720554292201996, 0.014992852695286274, -0.8212044835090637, -0.20735853910446167, 0.127998948097229, -0.6153696775436401}, {-0.2576356828212738, -0.26145923137664795, 0.653871476650238, 0.6188353300094604, -0.025980085134506226, -0.005052357912063599, -0.22584268450737, -1.635337233543396, -0.225425586104393, 0.11599133163690567, -0.2125546634197235, 1.3946785926818848}, {0.17119596898555756, -0.990940272808075, -0.09438806027173996, 0.13540513813495636, 0.26593977212905884, 0.175005704164505, -0.0240024421364069, 1.4933953285217285, 0.3449614346027374, -0.09648492187261581, 0.168455570936203, -1.1800007820129395}, {0.016199342906475067, -0.4889838993549347, -1.2794420719146729, 1.0341711044311523, 0.2750866413116455, 0.2756117582321167, 0.010481434874236584, 0.16931305825710297, 0.7599390149116516, 0.07987096905708313, -0.2789101004600525, 0.9400109648704529}, {-0.19842922687530518, 1.747360110282898, -1.0903817415237427, -0.8738041520118713, 0.13021063804626465, 0.1742555797100067, 0.20424972474575043, 0.6733497977256775, 0.07299049943685532, -0.26347190141677856, 0.15528559684753418, -0.6651125550270081}}

fc3.bias:
{0.539171576499939, -0.28150540590286255, 0.27426981925964355, -0.018630992621183395, -0.17028072476387024}

